41.467114986 1.824508661
41.286833283 1.096936669
41.437858489 1.15925662
41.279828899 1.399061774
41.423950881 1.201947066
41.531715849 1.196981826
41.195199404 1.362570803
41.253117965 1.55069958
41.644453961 1.569969141
41.414213857 1.651764519
41.601899372 1.54743913
41.050818679 0.870944606
41.6561298 1.488401284
41.146113085 0.930800358
41.532178021 1.620114914
41.334248252 1.177348059
41.294663935 1.30634069
41.136051566 0.989014862
41.265659449 1.365779712
41.518582513 1.291207359
41.229424964 1.374588576
41.494461259 1.238109362
41.736691031 1.575371533
41.415631992 1.5168274
41.717143845 1.420825073
41.422933287 1.397024653
41.517152099 1.433983011
41.388310997 1.568745858
41.181793314 1.045809407
41.362003983 1.669486163
41.377367143 0.982252141
41.268749058 1.341290393
41.242347149 0.948724552
41.245744816 1.486364127
41.776174375 1.438227878
41.598355627 1.700683894
41.310398986 1.81099001
41.19774418 1.113597785
41.469950528 1.088425982
41.242443868 1.249025345
41.556560782 1.307518497
41.528655487 1.606864529
41.168514992 0.976047452
41.249312047 1.295200025
41.26927629 1.414427941
41.404406776 1.700907912
41.294971501 1.027527497
41.47803104 1.281495138
41.21142924 1.20574366
41.59783259 1.443554697
41.384545051 1.720947074
41.22856192 1.033187166
41.562917054 1.23596702
41.395294283 1.276943289
41.518078597 1.524989672
41.477803162 1.70390571
41.637110846 1.518707744
41.351794966 1.850525294
41.224758402 1.311192711
41.625664698 1.414611522
41.346470734 1.363265165
41.477266123 1.387808724
41.220809712 1.439895627
41.764085728 1.481977441
41.364372355 1.752830001
41.210359353 0.975413192
41.130167103 0.960676325
41.383508712 1.796183728
41.702305782 1.488299494
41.543117004 1.298932311
41.254292976 1.590921193
41.279887357 1.296914752
41.099503991 0.887520569
41.37144108 1.264965381
41.191072965 1.255320372
41.446416556 1.729599364
41.348046341 0.955454027
41.246835677 1.329941491
41.518726642 1.70767214
41.389169697 1.661513802
41.112872102 0.936626812
41.477480452 1.611263745
42.233328578 2.952019792
42.084172067 2.987594776
41.873535322 2.825402859
42.10419864 2.992002681
42.080760047 3.094270988
41.952010866 3.127693016
42.242008394 3.040704541
42.304220366 2.719766852
42.231337562 2.596320619
42.268681362 2.847275069
42.249534831 2.914701715
42.223772944 2.860683132
42.094171368 2.767199365
41.735011502 2.671644331
42.314591198 2.925690703
42.022144518 3.029928439
42.197815435 2.668522568
42.104073679 3.020771738
42.227300327 3.042124039
42.265498567 3.018132233
42.379064344 3.028524999
42.235621502 2.649819185
41.735390075 2.607588551
42.222794564 2.926309348
42.209474489 2.994110033
42.00994757 3.107097027
42.171967773 2.991704388
42.123056219 2.638125319
42.218616662 2.90674003
42.246982743 2.937576321
42.142954553 2.789082911
42.138689862 2.887874229
42.148875212 3.026876583
41.765902174 2.65177868
42.21317776 2.641583767
42.42200791 2.925318506
42.020417428 3.010858704
42.247606079 2.813803126
42.319985548 2.789555289
42.212863349 2.60858452
42.193423592 2.954078557
41.989367484 3.110515817
42.32991431 2.856271057
42.178934141 2.795073253
42.310392674 2.839785356
42.350721867 2.972775685
41.880467121 3.126227263
42.375159545 3.067773732
41.938317974 2.761759172
42.133457267 3.074770992
42.104398465 3.085288573
42.222323013 2.742129247
42.000437332 3.068546281
42.095722811 2.930170671
42.039661296 2.99654599
42.017117398 2.906798884
42.014545 2.546977827
42.033424436 2.737025253
42.188571994 2.406803371
42.217683894 2.970474501
42.37249324 2.921023161
42.019778068 2.931087857
42.071975708 3.010617083
42.067712397 2.909650204
42.310801227 3.067521597
42.187122016 2.798479828
41.952445867 3.169889969
42.063501071 2.614794031
42.045669629 2.942718878
42.307000409 2.978283233
42.174878729 3.040968953
41.989412478 3.017835075
41.990074393 2.957240173
42.391085002 3.000865645
42.337657992 2.894998835
42.315815592 3.116168969
42.186655969 2.916566672
42.050701668 3.107679315
42.254596325 2.888685182
42.232881797 2.630000591
42.237053328 2.70951599
42.230847849 2.819698027
42.359809515 2.999774376
42.036678819 3.034477932
42.028334036 3.072067372
42.196431634 3.056801259
42.036395932 2.647532744
41.904551162 2.684296786
41.921103396 2.859510637
42.069883805 2.796199255
42.173310991 2.964613902
41.960101197 3.054249433
42.028501161 3.103551845
42.143610131 2.955087148
41.945470221 2.55748816
41.890756072 2.830076097
42.057078026 1.904980123
41.727920226 2.443172895
42.135571492 1.994139922
41.724643512 2.463430993
41.932247732 2.060736976
41.940048878 2.2444015
42.223669397 1.892847282
41.702551288 2.436820784
42.068304343 2.072504134
41.76043865 2.14971647
41.721837996 2.27318706
41.640967279 1.789319151
41.901917803 2.381485599
42.33115611 2.312139512
42.117080609 1.804794078
41.878288349 2.177829111
41.448785329 1.900291407
41.666758439 1.683674881
41.911011142 2.188120418
42.001015663 1.978037719
41.637352873 1.910811449
42.312220372 2.213525583
41.555104884 2.35475897
41.737632503 2.267121372
42.042262094 2.10679646
42.077971692 1.753092189
42.051926639 1.963008757
42.023559557 2.464781417
41.944377983 2.022428853
42.316282622 2.103769293
41.684148422 2.388373648
42.058103369 2.239267902
42.137110877 1.931538128
42.180896535 1.83614198
41.725440927 2.056667057
41.93868614 2.318939366
42.294229687 2.140128037
42.195385738 2.303632757
41.739169106 1.631966008
42.236956905 1.660203284
41.647412544 2.510551073
42.109991872 2.209748189
41.948381258 2.386964443
41.900188347 2.283161543
41.676421956 1.839720016
42.32044312 2.343988943
42.12247168 2.30988455
42.085003833 2.127388953
42.348583114 2.162746129
41.570286602 1.828167856
42.112524302 2.160576058
41.995729742 2.419269161
41.727989409 2.155008262
41.993142253 2.222286785
41.83428246 1.837371486
42.228659051 1.735385192
41.699572587 1.976205065
41.731551614 2.501889753
41.765624381 2.204582558
42.018181795 1.765440317
42.321643678 2.016986439
41.825605156 2.175212812
41.981046028 2.174857958
42.028267164 2.073872971
42.11932091 2.101272672
42.203939011 1.818215102
41.868980532 2.417266174
41.952071512 2.326492526
42.346774934 2.404610854
41.693234907 2.115452621
41.528665678 1.959821989
41.76339325 1.668692236
42.173187336 1.945378653
42.061435233 2.273774384
41.887065717 2.234648149
42.248326933 2.090996644
42.375371225 2.30117955
42.036038963 2.166952101
42.187286788 2.023790016
41.789382427 1.9918776
41.728041208 1.706016465
42.057126337 2.151866839
41.519617357 2.253260234
42.249921452 1.786712961
41.796652759 1.732732068
41.693772867 2.354483393
42.126811513 2.257911373
41.759158172 2.394910036
41.73815732 1.977249747
42.265950012 2.276852176
42.28287917 2.017188951
41.986027277 2.095915035
41.946069937 1.776308276
41.759848005 2.013870057
41.652725295 2.441078141
41.678725406 2.058309974
